%YAML:1.0
---
calibration_time: "Thu Mar 11 15:06:39 2021"
nframes: 8
image_width: 768
image_height: 576
board_width: 9
board_height: 6
square_size: 27.
flags: 0
camera_matrix: !!opencv-matrix
   rows: 3
   cols: 3
   dt: d
   data: [ 5.4268173038971815e+02, 0., 3.7460278999854756e+02, 0.,
       5.4494221613479249e+02, 2.7944976877130364e+02, 0., 0., 1. ]
distortion_coefficients: !!opencv-matrix
   rows: 5
   cols: 1
   dt: d
   data: [ -3.5186038846662770e-01, 1.4885988577071307e-01,
       -1.3222829770308173e-03, -1.4504375757164764e-03, 0. ]
avg_reprojection_error: 1.1913580772996872e+00
per_view_reprojection_errors: !!opencv-matrix
   rows: 8
   cols: 1
   dt: f
   data: [ 5.08786380e-01, 6.66018188e-01, 4.43263948e-01,
       1.33787513e+00, 1.50296009e+00, 9.89728749e-01, 1.33815801e+00,
       1.90701783e+00 ]
extrinsic_parameters: !!opencv-matrix
   rows: 8
   cols: 6
   dt: d
   data: [ -3.2684152010136892e-02, 6.2591111779175979e-02,
       1.4494782306132761e-01, -6.5330505132936679e+01,
       -8.0914383785015332e+01, 2.5554696329382676e+02,
       -2.0701859233243643e-02, -1.8193110607084100e-02,
       4.8770604773689791e-01, -7.1704089924046343e+01,
       -9.7532135464813649e+01, 2.4002562525428948e+02,
       -2.1286032919761659e-02, -1.9432814011021551e-02,
       -2.2964144685246948e-01, -1.3050342020073793e+02,
       -5.2238729227445731e+01, 2.3867825156948902e+02,
       -6.2545223466317704e-02, 2.5779901542298672e-01,
       5.5760401498644294e-02, -1.2888651365146262e+02,
       -7.5367974818317833e+01, 2.4054875247408114e+02,
       -5.4731059072290249e-02, 3.4644792365832017e-01,
       3.9086222338694153e-02, -1.2728255491676985e+02,
       -7.5857504691467028e+01, 2.3859330291568486e+02,
       -1.3364188264259069e-02, -1.8597340310080899e-02,
       2.3612607234917801e-01, -7.6228655155590474e+01,
       -9.1645201056012240e+01, 2.1673048471844285e+02,
       -3.4751690921343104e-01, 7.8764506840177800e-02,
       1.3140143647565755e-01, -9.2479360300780556e+01,
       -1.0055668231607984e+02, 2.3681760895175063e+02,
       2.7046496032478812e-01, 2.9102309238603453e-02,
       2.7592802011962014e-01, -1.0609402351280073e+02,
       -8.3764625610073566e+01, 1.9261180458046977e+02 ]
image_points: !!opencv-matrix
   rows: 8
   cols: 54
   dt: "2f"
   data: [ 2.42384262e+02, 1.14872978e+02, 2.95229980e+02,
       1.20434303e+02, 3.49582458e+02, 1.26284515e+02, 4.05540192e+02,
       1.32787567e+02, 4.61886810e+02, 1.40318192e+02, 5.17462219e+02,
       1.49362640e+02, 5.70553040e+02, 1.59291794e+02, 6.20625854e+02,
       1.69578583e+02, 6.66553223e+02, 1.80255447e+02, 2.33051712e+02,
       1.68087311e+02, 2.85611206e+02, 1.73644440e+02, 3.40726959e+02,
       1.80305359e+02, 3.97600311e+02, 1.87534988e+02, 4.55156799e+02,
       1.95511902e+02, 5.11636108e+02, 2.04331985e+02, 5.65791565e+02,
       2.13557312e+02, 6.16475464e+02, 2.23096420e+02, 6.63630798e+02,
       2.32358582e+02, 2.23653015e+02, 2.22452591e+02, 2.76376831e+02,
       2.29347504e+02, 3.31781799e+02, 2.36768402e+02, 3.89317352e+02,
       2.44625290e+02, 4.47403931e+02, 2.53175278e+02, 5.04764740e+02,
       2.61536530e+02, 5.59490417e+02, 2.70030853e+02, 6.10643127e+02,
       2.78371185e+02, 6.57400818e+02, 2.86124420e+02, 2.15380524e+02,
       2.77669067e+02, 2.67624542e+02, 2.85848999e+02, 3.23126709e+02,
       2.94508270e+02, 3.80688995e+02, 3.03234955e+02, 4.39125702e+02,
       3.11566681e+02, 4.96554199e+02, 3.19694977e+02, 5.51642578e+02,
       3.27358307e+02, 6.03290039e+02, 3.34231812e+02, 6.50519836e+02,
       3.40447876e+02, 2.07597855e+02, 3.33094635e+02, 2.59511200e+02,
       3.42643463e+02, 3.14626587e+02, 3.52200531e+02, 3.72114441e+02,
       3.61441772e+02, 4.30298950e+02, 3.69818115e+02, 4.87549347e+02,
       3.77603333e+02, 5.42500854e+02, 3.84182526e+02, 5.94193909e+02,
       3.89767120e+02, 6.41505493e+02, 3.94274017e+02, 1.99482956e+02,
       3.87427582e+02, 2.51488220e+02, 3.98503723e+02, 3.06369080e+02,
       4.08945160e+02, 3.63440277e+02, 4.18540375e+02, 4.21257843e+02,
       4.26995941e+02, 4.77988831e+02, 4.33891266e+02, 5.32509583e+02,
       4.39574402e+02, 5.83675415e+02, 4.43605591e+02, 6.31010803e+02,
       4.46534760e+02, 2.25813538e+02, 7.52063446e+01, 2.72570770e+02,
       9.66703262e+01, 3.22424316e+02, 1.20705200e+02, 3.74590057e+02,
       1.46972931e+02, 4.27502441e+02, 1.74782135e+02, 4.79683990e+02,
       2.03439941e+02, 5.29943176e+02, 2.32229248e+02, 5.77350403e+02,
       2.60236938e+02, 6.21005310e+02, 2.87013519e+02, 1.97099655e+02,
       1.23308968e+02, 2.43585480e+02, 1.46416977e+02, 2.93487427e+02,
       1.71586884e+02, 3.45951172e+02, 1.98903198e+02, 3.99455475e+02,
       2.27270523e+02, 4.52704773e+02, 2.55911819e+02, 5.03912567e+02,
       2.84223755e+02, 5.52246643e+02, 3.11362396e+02, 5.97377686e+02,
       3.37160645e+02, 1.69312134e+02, 1.73355438e+02, 2.15185562e+02,
       1.97969925e+02, 2.64539978e+02, 2.24563354e+02, 3.16925323e+02,
       2.52496597e+02, 3.70655243e+02, 2.81301056e+02, 4.24519714e+02,
       3.09759979e+02, 4.76486816e+02, 3.37376495e+02, 5.25520752e+02,
       3.63309692e+02, 5.70598816e+02, 3.87037109e+02, 1.42934769e+02,
       2.24273560e+02, 1.87872787e+02, 2.50350250e+02, 2.36641785e+02,
       2.77998352e+02, 2.88491791e+02, 3.06606262e+02, 3.42099060e+02,
       3.35367371e+02, 3.95784271e+02, 3.63465088e+02, 4.48217560e+02,
       3.89992676e+02, 4.97885590e+02, 4.14619781e+02, 5.43884399e+02,
       4.36775299e+02, 1.18313171e+02, 2.75054047e+02, 1.62265213e+02,
       3.02375488e+02, 2.10118332e+02, 3.30826660e+02, 2.61111359e+02,
       3.59705383e+02, 3.14073517e+02, 3.88374725e+02, 3.67443665e+02,
       4.15732056e+02, 4.19761475e+02, 4.41376587e+02, 4.69713379e+02,
       4.64494049e+02, 5.16273499e+02, 4.84865112e+02, 9.56582794e+01,
       3.24537750e+02, 1.38614136e+02, 3.52847931e+02, 1.85359070e+02,
       3.81866699e+02, 2.35376633e+02, 4.10959167e+02, 2.87436798e+02,
       4.39206635e+02, 3.40087219e+02, 4.65662048e+02, 3.91916321e+02,
       4.90066223e+02, 4.41679718e+02, 5.11677582e+02, 4.88428680e+02,
       5.30522278e+02, 1.08853119e+02, 1.72367447e+02, 1.56681961e+02,
       1.56567825e+02, 2.08243195e+02, 1.41074646e+02, 2.63040833e+02,
       1.26045235e+02, 3.19517517e+02, 1.12074585e+02, 3.76539246e+02,
       9.93461075e+01, 4.32776093e+02, 8.83789978e+01, 4.86474487e+02,
       7.95751419e+01, 5.36526611e+02, 7.32361984e+01, 1.15943474e+02,
       2.25009094e+02, 1.64873566e+02, 2.10380157e+02, 2.17730850e+02,
       1.95449066e+02, 2.73759094e+02, 1.80728271e+02, 3.31730621e+02,
       1.66591507e+02, 3.90231628e+02, 1.53406967e+02, 4.47565582e+02,
       1.41419769e+02, 5.02391998e+02, 1.31166855e+02, 5.53760498e+02,
       1.22469048e+02, 1.25134659e+02, 2.79921600e+02, 1.75130264e+02,
       2.66648926e+02, 2.28938232e+02, 2.52717560e+02, 2.86073364e+02,
       2.38562744e+02, 3.44919617e+02, 2.24557709e+02, 4.04218018e+02,
       2.10812088e+02, 4.62145721e+02, 1.98236511e+02, 5.17273438e+02,
       1.86477081e+02, 5.68615112e+02, 1.76292114e+02, 1.36594955e+02,
       3.36062836e+02, 1.87225739e+02, 3.24327515e+02, 2.41701614e+02,
       3.11529053e+02, 2.99454529e+02, 2.97994080e+02, 3.58727264e+02,
       2.84077393e+02, 4.18266327e+02, 2.70215454e+02, 4.76089203e+02,
       2.56519165e+02, 5.31144470e+02, 2.43593353e+02, 5.82339966e+02,
       2.31593124e+02, 1.50399994e+02, 3.92032349e+02, 2.01150024e+02,
       3.81809448e+02, 2.55820663e+02, 3.70370300e+02, 3.13618225e+02,
       3.57483978e+02, 3.72863708e+02, 3.43771973e+02, 4.31874756e+02,
       3.29543365e+02, 4.89136444e+02, 3.15192810e+02, 5.43608521e+02,
       3.00963165e+02, 5.94752319e+02, 2.87397156e+02, 1.66120575e+02,
       4.45766022e+02, 2.16696533e+02, 4.37499176e+02, 2.71020508e+02,
       4.27394592e+02, 3.28296326e+02, 4.15369537e+02, 3.86764221e+02,
       4.01956299e+02, 4.44994568e+02, 3.87511780e+02, 5.01366730e+02,
