%YAML:1.0
---
calibration_time: "Thu Mar 11 18:20:36 2021"
imageSize: [ 768, 576 ]
center: [ 367, 275 ]
radius: 292
trans: !!opencv-matrix
   rows: 3
   cols: 3
   dt: d
   data: [ 1.4748227150462276e+00, 1.4748227150462276e+00, 365.,
       1.4748227150462276e+00, -1.4748227150462276e+00, 275., 0., 0., 1. ]
cameraMatrix: !!opencv-matrix
   rows: 3
   cols: 3
   dt: d
   data: [ 5.4268173038971815e+02, 0., 3.7460278999854756e+02, 0.,
       5.4494221613479249e+02, 2.7944976877130364e+02, 0., 0., 1. ]
distCoeffs: !!opencv-matrix
   rows: 5
   cols: 1
   dt: d
   data: [ -3.5186038846662770e-01, 1.4885988577071307e-01,
       -1.3222829770308173e-03, -1.4504375757164764e-03, 0. ]
rvec: !!opencv-matrix
   rows: 3
   cols: 1
   dt: d
   data: [ 2.8632589135176003e+00, 1.2607634740204141e+00,
       4.6836352985223113e-03 ]
tvec: !!opencv-matrix
   rows: 3
   cols: 1
   dt: d
   data: [ -3.2564183365502823e+00, -1.9154111277813506e+00,
       2.6418548137953997e+02 ]
