%YAML:1.0
---
calibration_time: "Mon Mar  8 14:08:24 2021\n"
imageSize: [ 768, 576 ]
center: [ 365, 277 ]
radius: 292
trans: !!opencv-matrix
   rows: 3
   cols: 3
   dt: d
   data: [ 1.3125000000000000e+00, 1.4375000000000000e+00,
       3.6494444444444440e+02, 1.4333333333333333e+00,
       -1.3138888888888889e+00, 2.7694444444444446e+02, 0., 0., 1. ]
